


[14/02/2023 17:09:39] <--- Starting Script --->
0	-82,-117	041618
1	-67,0	851618
2	-132,-92	845618
3	-53,20	841518
4	-53,19	841658
5	-53,-7	841615
6	-54,20	841618
7	-54,19	841618
8	-54,18	841618
9	-55,20	91A689
10	-55,19	92A689
11	-56,20	93A689
12	-65,2	94A689
13	-65,1	95A689
14	-65,0	97A689
15	-65,-1	99A689
16	-66,2	90A689
17	-66,1	9AA689
18	-66,0	9BA689
19	-66,-1	96A189
20	-67,3	96A289
21	-67,1	96A389
22	-67,-1	96A489
23	-68,3	96A589
24	-68,2	96A789
25	-68,1	96A989
26	-68,0	96A089
27	-68,-1	96AA89
28	-69,3	96AB89
29	-69,2	51545A
30	-69,1	52545A
31	-69,0	53545A
32	-69,-1	56545A
33	-101,-44	57545A
34	-101,-45	58545A
35	-101,-46	59545A
36	-101,-47	50545A
37	-101,-48	5A545A
38	-101,-49	5B545A
39	-102,-43	54515A
40	-102,-45	54525A
41	-102,-47	54535A
42	-102,-48	54555A
43	-101,-60	54565A
44	-103,-42	54575A
45	-103,-43	54585A
46	-103,-44	54595A
47	-103,-45	54505A
48	-103,-48	545A5A
49	-103,-49	545B5A
50	-104,-42	433414
51	-104,-43	413414
52	-104,-49	423414
53	-104,-59	443414
54	-105,27	453414
55	-105,-41	463414
56	-105,-42	473414
57	-105,-43	483414
58	-105,-44	493414
59	-106,-42	403414
60	-106,-44	4B3414
61	-109,-86	431414
62	-115,-2	432414
63	-82,17	434414
64	-112,-2	435414
65	-76,-97	436414
66	-52,19	437414
67	-52,20	438414
68	-50,-55	439414
69	-50,-54	430414
70	-112,-3	43B414
71	-86,7	AA4414
72	-49,-57	4AA414
73	-49,-56	40AA14
74	-49,-55	404554
75	-49,-54	404455
76	-92,-26	A0A414
77	-85,-110	4A4A14
78	-83,17	40A4A4
79	-48,-76	404A1A
80	-48,-56	A04A14
81	-48,-55	4A44A4
82	-48,-54	40A41A
83	-92,-25	A044A4
84	-112,-1	4A441A
85	-83,18	A0441A
86	-87,-65	404414
87	-83,16	404414
88	-83,19	404414
89	-87,-44	771618
90	-101,29	877618
91	-101,-43	867718
92	-39,-132	861778
93	-38,-133	861677
94	-38,-132	767618
95	-38,-131	871718
96	-38,-130	867678
97	-37,-125	861717
98	-37,-103	761718
99	-36,-104	871678
100	-36,-103	867617
101	-36,-102	761678
102	-36,-101	871617


[15/02/2023 00:05:56] <--- Starting Script --->